0 0.488256 0.337422 0.036342 0.017666
0 0.686116 0.327327 0.036342 0.020695
0 0.630594 0.327579 0.038361 0.019180
0 0.586177 0.357612 0.037015 0.017666
0 0.766539 0.334646 0.038361 0.019180
0 0.654149 0.376035 0.037015 0.019180
0 0.512484 0.370483 0.037688 0.021199
0 0.463356 0.401020 0.037688 0.018676
0 0.470422 0.370483 0.039707 0.019180
0 0.573390 0.389915 0.041053 0.018676
0 0.558584 0.339441 0.037015 0.016657
0 0.728851 0.355593 0.041053 0.017666
0 0.649775 0.407077 0.040380 0.018676
0 0.533683 0.405310 0.038361 0.020190
0 0.802880 0.370230 0.038361 0.017666
0 0.802880 0.406319 0.041053 0.018171
0 0.780672 0.481779 0.039707 0.018676
0 0.716064 0.451494 0.039707 0.016657
0 0.720775 0.420957 0.038361 0.018171
0 0.633623 0.467898 0.039034 0.015142
0 0.704287 0.496164 0.033650 0.016152
0 0.557911 0.464617 0.037015 0.017666
0 0.603002 0.437614 0.037015 0.019180
0 0.624874 0.499445 0.039034 0.016657
0 0.749041 0.602917 0.035669 0.016657
0 0.616461 0.552443 0.034323 0.015647
0 0.721785 0.553452 0.033650 0.016657
0 0.732216 0.524430 0.038361 0.017161
0 0.641699 0.617555 0.032304 0.017666
0 0.610068 0.591056 0.033650 0.016152
0 0.658860 0.526196 0.037015 0.016657
0 0.584494 0.537553 0.034996 0.015142
0 0.683088 0.588532 0.035669 0.015142
0 0.585504 0.512063 0.037015 0.017666
0 0.577764 0.615284 0.032304 0.016152
0 0.579110 0.577933 0.034996 0.016152
0 0.455280 0.447708 0.036342 0.017161
0 0.475806 0.533263 0.038361 0.016657
0 0.515176 0.509287 0.036342 0.016152
0 0.542432 0.600646 0.034323 0.016152
0 0.481190 0.491874 0.037015 0.017666
0 0.446867 0.571371 0.035669 0.016152
0 0.509456 0.561781 0.035669 0.017161
0 0.525607 0.450485 0.037015 0.019685
0 0.722794 0.387644 0.035669 0.019180
0 0.482872 0.617555 0.033650 0.018676
0 0.445858 0.475217 0.037688 0.017666
0 0.547480 0.537048 0.033650 0.016152
0 0.570698 0.420200 0.037015 0.017666
0 0.680396 0.436856 0.041053 0.017666
0 0.478161 0.587018 0.033650 0.016152
0 0.551181 0.493893 0.039707 0.017666
0 0.702941 0.615284 0.032304 0.014133
0 0.492294 0.434080 0.036342 0.017161
0 0.784373 0.450232 0.033650 0.018171
0 0.518204 0.480517 0.038361 0.021199
0 0.769231 0.525692 0.037015 0.016657
0 0.447204 0.505502 0.034996 0.018676
0 0.702941 0.481022 0.037688 0.016152
0 0.608722 0.421714 0.037688 0.016657
0 0.754088 0.564809 0.037688 0.017161