0 0.389552 0.225832 0.016792 0.009571
0 0.473175 0.229359 0.016120 0.008564
0 0.408359 0.240189 0.015448 0.010075
0 0.455376 0.233389 0.016792 0.008564
0 0.448794 0.248501 0.016792 0.008564
0 0.370208 0.247242 0.015448 0.009068
0 0.325878 0.255050 0.016792 0.009571
0 0.299347 0.250013 0.018807 0.009571
0 0.282219 0.253035 0.018135 0.010579
0 0.316139 0.269659 0.018807 0.009571
0 0.350058 0.256310 0.016792 0.008060
0 0.352745 0.246486 0.016792 0.009571
0 0.388679 0.245479 0.014777 0.007556
0 0.286921 0.273185 0.016792 0.008564
0 0.353416 0.273689 0.015448 0.007556
0 0.386664 0.273689 0.017463 0.008564
0 0.416217 0.261347 0.017463 0.010075
0 0.472638 0.269155 0.014777 0.009571
0 0.439390 0.268651 0.016792 0.008564
0 0.315467 0.286283 0.017463 0.008564
0 0.506893 0.310715 0.016120 0.009068
0 0.546522 0.310967 0.016120 0.009571
0 0.581113 0.300640 0.015448 0.010075
0 0.576075 0.329857 0.020150 0.011083
0 0.612547 0.329908 0.018404 0.010176
0 0.653317 0.312226 0.014777 0.009068
0 0.496482 0.325576 0.019478 0.007556
0 0.534096 0.332628 0.016792 0.008564
0 0.405135 0.308700 0.015448 0.009068
0 0.422934 0.278727 0.017463 0.008564
0 0.612009 0.344466 0.016792 0.009068
0 0.607442 0.373986 0.020553 0.012695
0 0.679177 0.347741 0.022165 0.012594
0 0.658355 0.374440 0.019478 0.013601
0 0.349722 0.307944 0.018807 0.009571
0 0.296996 0.301647 0.018135 0.008060
0 0.689252 0.313737 0.018135 0.011083
0 0.744329 0.353030 0.023508 0.012090
0 0.700670 0.366631 0.020822 0.014105
0 0.728208 0.319027 0.024852 0.015616
0 0.508572 0.347237 0.020822 0.010579
0 0.623764 0.401642 0.017463 0.015616
0 0.399762 0.324064 0.015448 0.008564
0 0.365171 0.291320 0.018807 0.009571
0 0.282555 0.320034 0.017463 0.009571
0 0.308616 0.318019 0.017195 0.008564
0 0.419576 0.293083 0.016120 0.010075
0 0.438718 0.321294 0.018135 0.008060
0 0.462563 0.318775 0.017463 0.008060
0 0.460212 0.301144 0.015448 0.008060
0 0.466929 0.354289 0.016792 0.009571
0 0.687572 0.264118 0.021493 0.016624
0 0.771464 0.330462 0.022165 0.013098
0 0.799003 0.349353 0.016792 0.009571
0 0.749971 0.372273 0.019478 0.007053
0 0.750642 0.398720 0.016792 0.008564
0 0.597166 0.418367 0.017463 0.009571
0 0.821168 0.392172 0.011418 0.013601
0 0.783218 0.372777 0.016120 0.010075
0 0.550484 0.357665 0.020822 0.010075
0 0.544171 0.402750 0.015986 0.009571
0 0.521938 0.362702 0.017463 0.009068
0 0.640152 0.267997 0.021493 0.016120
0 0.667355 0.279331 0.022165 0.014609
0 0.648884 0.343811 0.017463 0.010579
0 0.806727 0.404262 0.022837 0.012594
0 0.614629 0.298474 0.021493 0.012594
0 0.507901 0.377311 0.017598 0.011083
0 0.732507 0.414841 0.016792 0.009571
0 0.679781 0.400484 0.014777 0.009068
0 0.547462 0.374037 0.018807 0.010579
0 0.705305 0.391416 0.017463 0.009068
0 0.562575 0.400484 0.018135 0.012090
0 0.580038 0.359931 0.022165 0.010579
0 0.769449 0.412826 0.018135 0.008564
0 0.558880 0.345575 0.017463 0.009068
0 0.645190 0.301496 0.020822 0.011586
0 0.662989 0.417611 0.016120 0.008060
0 0.298742 0.336255 0.018135 0.008564
0 0.504274 0.411818 0.015448 0.009571
0 0.503938 0.402247 0.016120 0.008564
0 0.390761 0.376303 0.019478 0.009068
0 0.336356 0.360687 0.019478 0.008060
0 0.453562 0.402750 0.018807 0.010579
0 0.375649 0.334240 0.017463 0.008564
0 0.330982 0.385119 0.016792 0.009571
0 0.298742 0.362450 0.018135 0.008564
0 0.416620 0.355901 0.022837 0.011586
0 0.382029 0.308549 0.018135 0.010579
0 0.377664 0.350360 0.017463 0.009571
0 0.334677 0.333233 0.017463 0.007556
0 0.356506 0.407536 0.016792 0.008060
0 0.404866 0.407536 0.016792 0.008060
0 0.329303 0.411062 0.017463 0.009068
0 0.307810 0.385119 0.016120 0.007556
0 0.439457 0.371266 0.018807 0.009068
0 0.358521 0.393935 0.016792 0.010075
0 0.434420 0.387638 0.019478 0.009571
0 0.768240 0.388394 0.018135 0.009068
0 0.586553 0.390157 0.018807 0.012594
0 0.644653 0.401491 0.016792 0.012090
0 0.354827 0.377563 0.016120 0.009571
0 0.695700 0.414841 0.016792 0.008564
0 0.483788 0.377311 0.018807 0.009068
0 0.712491 0.341293 0.019478 0.012594
0 0.658422 0.328447 0.020150 0.012090
0 0.359193 0.327036 0.019478 0.008060
0 0.390089 0.393532 0.014105 0.009068
0 0.531140 0.388242 0.016792 0.010579
0 0.520125 0.053398 0.015448 0.007053
0 0.574194 0.086897 0.014777 0.007556
0 0.629607 0.087401 0.015448 0.006549
0 0.524827 0.086142 0.014105 0.007053
0 0.550350 0.063221 0.015448 0.006549
0 0.639011 0.051131 0.014105 0.006549
0 0.676288 0.083371 0.014777 0.006549
0 0.517102 0.075563 0.016120 0.007053
0 0.667557 0.043827 0.016120 0.008060
0 0.590315 0.031485 0.013433 0.008564
0 0.532887 0.029721 0.015448 0.009068
0 0.646735 0.019898 0.016120 0.006549
0 0.588299 0.056924 0.014777 0.008060
0 0.667221 0.091935 0.015448 0.007556
0 0.626585 0.037278 0.017463 0.008060
0 0.578896 0.013601 0.014777 0.008060
0 0.543969 0.012846 0.016120 0.006549
0 0.667221 0.013098 0.016792 0.007053
0 0.554380 0.038033 0.014105 0.006549
0 0.600390 0.073548 0.012090 0.007053
0 0.676624 0.061206 0.014105 0.006549
0 0.519453 0.019143 0.016792 0.008060
0 0.620204 0.063725 0.015448 0.006549
0 0.638339 0.067755 0.016792 0.007556
0 0.535238 0.077074 0.013433 0.009068
0 0.616510 0.017379 0.000000 0.000504
0 0.686699 0.091179 0.015448 0.008060
0 0.642705 0.027455 0.016120 0.007556
0 0.680654 0.029470 0.014105 0.007556
0 0.595688 0.087653 0.014777 0.007053
0 0.540275 0.087149 0.015448 0.008060
0 0.570500 0.063725 0.015448 0.007556
0 0.610800 0.040552 0.014105 0.008564
0 0.611136 0.025440 0.013433 0.006549
0 0.557738 0.029973 0.014105 0.007556
0 0.554716 0.072037 0.016120 0.008060
0 0.516767 0.036522 0.016792 0.008564
0 0.630279 0.018387 0.014105 0.006549
0 0.611472 0.017128 0.015448 0.006045
0 0.631958 0.005541 0.016120 0.007053
0 0.526506 0.005289 0.017463 0.007556
0 0.690729 0.005541 0.015448 0.007053
0 0.572851 0.039293 0.016120 0.009068
0 0.659832 0.067503 0.015448 0.006045
0 0.655802 0.081255 0.014105 0.005541
0 0.537253 0.047504 0.014777 0.006549
0 0.282018 0.060753 0.016120 0.009068
0 0.343811 0.065538 0.014777 0.008564
0 0.377731 0.069820 0.012762 0.008060
0 0.418031 0.068813 0.012762 0.010075
0 0.462361 0.074354 0.015448 0.007053
0 0.312243 0.071331 0.014777 0.007053
0 0.494131 0.577402 0.010747 0.007053
0 0.585478 0.584958 0.014777 0.005038
0 0.532081 0.578913 0.012762 0.006045
0 0.603949 0.604604 0.008732 0.008060
0 0.474989 0.620976 0.011418 0.006549
0 0.572717 0.600071 0.012090 0.005038
0 0.613353 0.631051 0.011418 0.005541
0 0.543835 0.621732 0.014777 0.008060
0 0.547193 0.637600 0.013433 0.005541
0 0.510251 0.598559 0.012090 0.007053
0 0.501184 0.639615 0.012762 0.008564
0 0.556261 0.577402 0.011418 0.005038
0 0.588501 0.625258 0.011418 0.006045
0 0.593539 0.643141 0.012090 0.006549
0 0.514281 0.623999 0.013433 0.007556
0 0.517976 0.641126 0.010075 0.005541
0 0.531745 0.659513 0.010747 0.006045
0 0.556597 0.660521 0.012090 0.006045
0 0.566672 0.615435 0.012090 0.006549
0 0.376925 0.592061 0.012762 0.007556
0 0.418233 0.619264 0.013433 0.006549
0 0.442077 0.681981 0.012762 0.010075
0 0.223045 0.626820 0.013433 0.008564
0 0.272413 0.616745 0.012762 0.010579
0 0.326146 0.614730 0.012762 0.009571
0 0.346968 0.636895 0.012762 0.009571
0 0.212298 0.662586 0.012090 0.008564
0 0.341595 0.673165 0.012762 0.005541
0 0.387268 0.632361 0.014105 0.007556
0 0.460481 0.647474 0.012762 0.005541
0 0.410441 0.638406 0.013433 0.006549
0 0.258308 0.663090 0.012762 0.008564
0 0.406008 0.673921 0.014239 0.008060
0 0.353618 0.652461 0.012896 0.009068
0 0.434285 0.659060 0.012762 0.006549
0 0.306198 0.632361 0.013433 0.008564
0 0.460682 0.665055 0.013433 0.007053
0 0.354222 0.620976 0.012762 0.008564
0 0.295451 0.672863 0.013433 0.007556
0 0.405269 0.656743 0.014105 0.010579
0 0.437509 0.631555 0.014105 0.007556
0 0.392172 0.603345 0.014777 0.009571
0 0.349856 0.605612 0.014777 0.008060
0 0.239702 0.649690 0.016120 0.009571
0 0.383104 0.644653 0.014105 0.008564
0 0.255487 0.632563 0.014105 0.009571
0 0.365977 0.609138 0.012090 0.006045
0 0.347841 0.590751 0.013433 0.007556
0 0.400568 0.624251 0.014105 0.008060
0 0.327355 0.630044 0.014105 0.009571
0 0.317616 0.601834 0.016120 0.008564
0 0.299481 0.663292 0.013433 0.008564
0 0.459675 0.681276 0.011418 0.006045
0 0.290414 0.643998 0.011418 0.009068
0 0.353349 0.966803 0.013433 0.007053
0 0.318422 0.878394 0.014777 0.008564
0 0.385925 0.929273 0.010075 0.004534
0 0.416150 0.927006 0.011418 0.006045
0 0.398687 0.903330 0.012762 0.007053
0 0.328161 0.847161 0.015448 0.006549
0 0.458130 0.859251 0.013433 0.005541
0 0.622689 0.879653 0.014777 0.007053
0 0.607241 0.850436 0.013433 0.008060
0 0.600860 0.870334 0.011418 0.009571
0 0.346632 0.924991 0.012090 0.007053
0 0.337229 0.861266 0.012090 0.005541
0 0.402717 0.882424 0.011418 0.006549
0 0.370141 0.906604 0.013433 0.006549
0 0.373835 0.865800 0.014105 0.007556
0 0.396000 0.851191 0.012762 0.007556
0 0.374843 0.881417 0.013433 0.007556
0 0.409098 0.911642 0.013433 0.007556
0 0.374171 0.834316 0.012090 0.007053
0 0.398015 0.861770 0.014105 0.008564
0 0.328161 0.892398 0.015448 0.009571
0 0.347976 0.874213 0.010747 0.008060
0 0.414404 0.875825 0.014105 0.006045
0 0.419442 0.844088 0.012090 0.007053
0 0.482579 0.862929 0.010747 0.008060
0 0.529125 0.896277 0.011418 0.006045
0 0.467802 0.851947 0.012090 0.007053
0 0.370477 0.851695 0.012762 0.005541
0 0.963898 0.588635 0.010747 0.006549
0 0.930314 0.650345 0.012090 0.010075
0 0.935016 0.634729 0.013433 0.010075
0 0.948449 0.611556 0.012090 0.009068
0 0.968935 0.631454 0.014105 0.009571
0 0.914194 0.704499 0.013433 0.008564
0 0.913187 0.686363 0.012762 0.009571
0 0.986735 0.589391 0.009403 0.010075
0 0.959196 0.647323 0.012090 0.011083
0 0.920911 0.665710 0.010747 0.008564
0 0.938038 0.707269 0.010075 0.008060
0 0.945763 0.669740 0.012090 0.008564
0 0.951808 0.698957 0.010747 0.008564
0 0.881014 0.888973 0.013433 0.006549
0 0.919299 0.876379 0.012090 0.007556
0 0.903783 0.911894 0.015448 0.009068
0 0.942068 0.871342 0.015448 0.008564