0 0.494313 0.423228 0.044474 0.028434
0 0.562846 0.444827 0.041557 0.022419
0 0.561388 0.489665 0.029892 0.031168
0 0.398075 0.491032 0.041557 0.020779
0 0.349956 0.414479 0.048848 0.024059
0 0.433071 0.458497 0.031350 0.035542
0 0.205964 0.378117 0.048119 0.023513
0 0.194299 0.409011 0.049577 0.025153
0 0.162219 0.428150 0.078740 0.021872
0 0.189195 0.473808 0.049577 0.024606
0 0.250073 0.485564 0.035725 0.036089
0 0.287985 0.464512 0.044474 0.022419
0 0.269393 0.442367 0.039370 0.022966
0 0.365267 0.477362 0.040099 0.020779
0 0.155658 0.462598 0.043745 0.020779
0 0.240230 0.404910 0.045203 0.026794
0 0.331000 0.461231 0.040099 0.020232
0 0.660542 0.485838 0.043015 0.021325
0 0.505614 0.467793 0.040828 0.022419
0 0.645596 0.449475 0.043745 0.022966
0 0.888743 0.450842 0.050306 0.024606
0 0.753864 0.475448 0.034267 0.034449
0 0.803077 0.494587 0.029163 0.034449
0 0.885827 0.489665 0.043015 0.024606
0 0.842447 0.486111 0.043745 0.025153
0 0.793963 0.468887 0.045932 0.020232
0 0.687883 0.463965 0.045203 0.022419
0 0.606226 0.440453 0.043745 0.022419
0 0.397711 0.427603 0.046661 0.022966
0 0.287256 0.407918 0.044474 0.032808
0 0.468066 0.447288 0.043015 0.027340
0 0.527122 0.874344 0.031350 0.015311
0 0.612423 0.875437 0.029892 0.014217
0 0.785214 0.885827 0.028434 0.012030
0 0.519831 0.903051 0.034267 0.014764
0 0.668198 0.879265 0.030621 0.014217
0 0.611330 0.904418 0.032079 0.016404
0 0.727982 0.904965 0.030621 0.014217
0 0.511811 0.934766 0.031350 0.015857
0 0.783027 0.940507 0.032808 0.013123
0 0.629921 0.952264 0.031350 0.015857
0 0.754229 0.959372 0.029163 0.013670
0 0.727982 0.883366 0.029163 0.011483
0 0.574876 0.927384 0.033537 0.015311
0 0.730169 0.932579 0.029163 0.015857
0 0.692257 0.961559 0.030621 0.014764
0 0.506707 0.957185 0.031350 0.015857
0 0.687518 0.983979 0.029892 0.018045
0 0.623360 0.985072 0.029892 0.016951
0 0.697361 0.934219 0.030621 0.015857
0 0.597113 0.948436 0.031350 0.020232
0 0.563211 0.975230 0.032079 0.014764
0 0.661636 0.940781 0.032079 0.013670
0 0.784850 0.913987 0.029163 0.015857
0 0.744022 0.989173 0.032079 0.015311
0 0.670749 0.908246 0.029892 0.013123
0 0.583260 0.895669 0.028434 0.014217
0 0.512540 0.444827 0.043015 0.020232
0 0.405001 0.458771 0.029163 0.034996
0 0.851560 0.463965 0.043015 0.021325
0 0.586541 0.471347 0.040828 0.019685