0 0.819116 0.415573 0.032079 0.027340
0 0.788495 0.384132 0.034996 0.025700
0 0.687154 0.362533 0.032079 0.020779
0 0.764800 0.493493 0.032808 0.020232
0 0.751677 0.562391 0.032808 0.022419
0 0.629921 0.372102 0.029892 0.023513
0 0.571960 0.358432 0.030621 0.023513
0 0.627005 0.469980 0.031350 0.023513
0 0.687154 0.424322 0.030621 0.026247
0 0.750948 0.389053 0.032808 0.025700
0 0.619350 0.544619 0.027705 0.019685
0 0.606591 0.505249 0.029892 0.022966
0 0.694444 0.529309 0.033537 0.020779
0 0.738918 0.539425 0.027705 0.020232
0 0.615704 0.418854 0.029163 0.021872
0 0.600029 0.360072 0.026976 0.025700
0 0.558107 0.413112 0.032079 0.020232
0 0.726888 0.453303 0.031350 0.020779
0 0.469889 0.541065 0.023330 0.020232
0 0.551181 0.477909 0.031350 0.024059
0 0.512905 0.427329 0.027705 0.025700
0 0.529309 0.355698 0.028434 0.021325
0 0.499781 0.487478 0.027705 0.018045
0 0.489210 0.385772 0.031350 0.027887
0 0.488845 0.340661 0.032079 0.021872
0 0.505249 0.513178 0.026976 0.020232
0 0.570866 0.512905 0.026976 0.017498
0 0.644867 0.521380 0.027705 0.021325
0 0.595655 0.451662 0.026976 0.024059
0 0.684602 0.499234 0.026976 0.019685
0 0.686425 0.460685 0.024789 0.021325
0 0.491761 0.464239 0.029163 0.022966
0 0.666375 0.393427 0.031350 0.021325
0 0.854841 0.428423 0.040828 0.030074
0 0.370735 0.308946 0.029163 0.022966
0 0.411928 0.336286 0.028434 0.021872
0 0.240595 0.571686 0.031350 0.024606
0 0.230752 0.447288 0.029163 0.022966
0 0.290172 0.456037 0.029892 0.017498
0 0.436716 0.408191 0.029892 0.025700
0 0.420312 0.518099 0.026247 0.020232
0 0.332094 0.376750 0.034996 0.020779
0 0.362715 0.453576 0.032079 0.023513
0 0.421041 0.468066 0.027705 0.020779
0 0.390420 0.399716 0.027705 0.024059
0 0.282517 0.365540 0.029163 0.021325
0 0.361621 0.523841 0.031350 0.026247
0 0.323710 0.524114 0.029892 0.022419
0 0.237314 0.521380 0.034996 0.022419
0 0.190289 0.469160 0.035725 0.018591
0 0.207057 0.393974 0.029892 0.023513
0 0.316419 0.313867 0.028434 0.025153
0 0.318241 0.490486 0.032079 0.019685
0 0.424322 0.363626 0.031350 0.022966
0 0.330271 0.398075 0.029892 0.022966
0 0.443278 0.492399 0.031350 0.020232
0 0.258822 0.409832 0.026976 0.021325
0 0.444372 0.536691 0.026247 0.015857
0 0.445101 0.455763 0.023330 0.020232
0 0.383858 0.430610 0.027705 0.019138
0 0.254812 0.471347 0.033537 0.022966
0 0.205599 0.263561 0.031350 0.016404
0 0.061607 0.299650 0.034996 0.017498
0 0.130505 0.269576 0.031350 0.016404
0 0.129046 0.299923 0.029892 0.015857
0 0.095509 0.356791 0.031350 0.015857
0 0.258093 0.279145 0.035725 0.026794
0 0.059784 0.329998 0.035725 0.016951
0 0.086760 0.391514 0.034267 0.017498
0 0.088947 0.482830 0.035725 0.015311
0 0.052129 0.418580 0.034996 0.018045
0 0.152741 0.375109 0.032079 0.015311
0 0.120297 0.329178 0.034267 0.016404
0 0.145086 0.459044 0.031350 0.015857
0 0.185914 0.426236 0.031350 0.014764
0 0.119204 0.431157 0.032079 0.013670
0 0.056868 0.362806 0.031350 0.014764
0 0.145086 0.404364 0.032808 0.015857
0 0.192111 0.353237 0.032079 0.014217
0 0.081292 0.451662 0.030621 0.015311
0 0.030621 0.387413 0.025518 0.015857
0 0.051764 0.475175 0.029892 0.015311
0 0.021872 0.441000 0.029892 0.011483
0 0.157845 0.346129 0.032079 0.017498
0 0.115923 0.416940 0.032808 0.015857
0 0.161490 0.486658 0.032079 0.018591
0 0.104987 0.497047 0.028434 0.015311
0 0.126130 0.530402 0.028434 0.014217
0 0.150554 0.579068 0.029163 0.017498
0 0.192111 0.536964 0.026247 0.021872
0 0.315690 0.566765 0.032808 0.024606
0 0.072178 0.525208 0.032808 0.014764
0 0.033173 0.525481 0.036454 0.015311
0 0.285433 0.530949 0.030621 0.022966
0 0.069262 0.509897 0.031350 0.013670
0 0.045932 0.498141 0.026976 0.016404
0 0.196850 0.511811 0.026976 0.019685
0 0.161855 0.286253 0.034267 0.016951
0 0.158574 0.314687 0.037912 0.026794
0 0.095509 0.313047 0.031350 0.014764