0 0.439195 0.405184 0.032371 0.021654
0 0.557305 0.449475 0.027122 0.019685
0 0.486002 0.561680 0.034996 0.026247
0 0.647419 0.564961 0.035871 0.026247
0 0.313648 0.436024 0.033246 0.024278
0 0.464567 0.518045 0.034121 0.025591
0 0.390201 0.559711 0.037620 0.027559
0 0.719598 0.398950 0.038495 0.027559
0 0.593176 0.421588 0.030621 0.025591
0 0.683290 0.550853 0.034121 0.022966
0 0.543307 0.486549 0.030621 0.022966
0 0.479440 0.428478 0.030621 0.022310
0 0.391076 0.503937 0.032371 0.026247
0 0.568241 0.517717 0.031496 0.026247
0 0.747157 0.504921 0.030621 0.022966
0 0.763342 0.544948 0.027997 0.021654
0 0.370954 0.436680 0.027122 0.021654
0 0.464129 0.490157 0.029746 0.020997
0 0.651356 0.449147 0.029746 0.021654
0 0.650481 0.496391 0.034996 0.024278
0 0.524059 0.446850 0.030621 0.024934
0 0.293088 0.472441 0.034121 0.022310
0 0.326772 0.518701 0.033246 0.024278
0 0.424322 0.444882 0.037620 0.022310
0 0.615048 0.489501 0.030621 0.020997
0 0.730534 0.453084 0.027122 0.022966
0 0.672791 0.407480 0.035871 0.027559
0 0.324584 0.550525 0.035871 0.028871
0 0.436133 0.478018 0.029746 0.021654
0 0.523185 0.534449 0.027122 0.020341
0 0.340332 0.475394 0.034121 0.022966
0 0.224847 0.474409 0.028871 0.022310
0 0.775153 0.480315 0.032371 0.027559
0 0.511811 0.479331 0.028871 0.028215
0 0.681977 0.474409 0.033246 0.020997
0 0.292651 0.504593 0.031496 0.023622
0 0.617235 0.450787 0.029746 0.022310
0 0.853456 0.409121 0.031496 0.025591
0 0.858268 0.493110 0.032371 0.020341
0 0.853456 0.542979 0.038495 0.022966
0 0.803587 0.528543 0.033246 0.024278
0 0.132546 0.578740 0.038495 0.022310
0 0.166667 0.625656 0.048994 0.029528
0 0.164917 0.656496 0.047244 0.029528
0 0.490376 0.455709 0.026247 0.021654
0 0.584427 0.485564 0.030621 0.023622
0 0.218285 0.271654 0.036745 0.018373
0 0.227472 0.324803 0.044619 0.018373
0 0.071741 0.254593 0.028871 0.030184
0 0.152668 0.335302 0.041995 0.019685
0 0.026247 0.300525 0.042870 0.020997
0 0.105862 0.291339 0.042870 0.017060
0 0.148294 0.528543 0.041995 0.016404
0 0.052056 0.496719 0.045494 0.017060
0 0.038495 0.526575 0.041120 0.015092
0 0.122047 0.514108 0.038495 0.015092
0 0.125984 0.443241 0.042870 0.016404
0 0.144794 0.380577 0.043745 0.020997
0 0.173228 0.427165 0.037620 0.020997
0 0.228346 0.388451 0.042870 0.018373
0 0.108049 0.358268 0.043745 0.019685
0 0.179790 0.498360 0.043745 0.016404
0 0.074366 0.452428 0.039370 0.017717
0 0.100175 0.407152 0.036745 0.017717
0 0.191164 0.368110 0.040245 0.019685
0 0.051181 0.412730 0.045494 0.022310
0 0.060367 0.383202 0.044619 0.022310
0 0.064742 0.336942 0.044619 0.021654
0 0.143045 0.264108 0.041995 0.021654
0 0.104987 0.482940 0.037620 0.015748
0 0.023185 0.349081 0.041995 0.024934
0 0.023403 0.466207 0.046806 0.021654
0 0.152231 0.472113 0.042870 0.017717
0 0.186352 0.303478 0.041120 0.020341
0 0.800962 0.408465 0.038495 0.028215
0 0.832021 0.467520 0.032371 0.024278
0 0.769904 0.448819 0.037620 0.026247
0 0.299054 0.763243 0.016702 0.013720
0 0.327686 0.762050 0.016702 0.014913
0 0.117315 0.815438 0.020679 0.016702
0 0.241390 0.828561 0.017498 0.013123
0 0.281556 0.867037 0.019884 0.014913
0 0.075559 0.823789 0.018293 0.014316
0 0.030223 0.816333 0.019884 0.013720
0 0.258093 0.916547 0.017498 0.014913
0 0.172990 0.823491 0.019089 0.014913
0 0.054176 0.938320 0.017498 0.011104
0 0.059223 0.866394 0.020863 0.013628
0 0.195168 0.938320 0.018171 0.011104
0 0.134935 0.885322 0.020190 0.012114
0 0.135272 0.850747 0.019517 0.014638
0 0.077731 0.921159 0.020190 0.013123
0 0.172623 0.921916 0.017498 0.013628
0 0.222088 0.900969 0.018171 0.012114
0 0.118447 0.872199 0.022209 0.014133
0 0.055522 0.903240 0.020190 0.012619
0 0.270543 0.853018 0.019517 0.013123
0 0.248671 0.875984 0.018844 0.014638
0 0.199879 0.859075 0.019517 0.013123
0 0.100276 0.895922 0.019517 0.014133
0 0.182718 0.897688 0.018844 0.011609
0 0.157817 0.874722 0.021536 0.014133
0 0.036342 0.852514 0.019517 0.015142
0 0.079750 0.939077 0.020190 0.011609
0 0.017834 0.910559 0.021536 0.014133
0 0.131570 0.931254 0.014806 0.013123
0 0.027929 0.891127 0.018844 0.015647
0 0.097920 0.850242 0.017498 0.013628
0 0.199206 0.833333 0.019517 0.013123
0 0.132580 0.912578 0.018171 0.014133
0 0.215021 0.919897 0.018844 0.011609
0 0.227808 0.941349 0.017498 0.010095
0 0.221751 0.875227 0.021536 0.013123
0 0.158153 0.846961 0.020863 0.014133
0 0.052493 0.837371 0.019517 0.016152
0 0.011104 0.935796 0.020190 0.012114
0 0.722458 0.859580 0.025574 0.017161
0 0.389663 0.811377 0.024901 0.018676
0 0.506764 0.882041 0.022209 0.015647
0 0.429706 0.820715 0.024228 0.017161
0 0.526617 0.838633 0.021536 0.015647
0 0.684770 0.846204 0.018844 0.017666
0 0.643381 0.842671 0.016825 0.016657
0 0.606367 0.841662 0.020863 0.014638
0 0.634296 0.870937 0.021536 0.014638
0 0.368127 0.836614 0.023555 0.016657
0 0.546807 0.883808 0.021536 0.016152
0 0.684097 0.902483 0.021536 0.017161
0 0.467730 0.893650 0.022209 0.015647
0 0.564977 0.838381 0.021536 0.014133
0 0.468739 0.829800 0.021536 0.014133
0 0.615788 0.921411 0.019517 0.016657
0 0.329766 0.875732 0.024901 0.015142
0 0.432061 0.852261 0.024901 0.019685
0 0.489602 0.933525 0.022882 0.016657
0 0.516858 0.993893 0.018171 0.012214
0 0.441820 0.907026 0.028266 0.017161
0 0.401440 0.950939 0.022882 0.015142
0 0.330103 0.966081 0.025574 0.015142
0 0.328757 0.927468 0.021536 0.012619
0 0.592234 0.871442 0.024901 0.015647
0 0.593243 0.945891 0.020190 0.018171
0 0.408170 0.874218 0.022882 0.016152
0 0.559594 0.904250 0.025574 0.016657
0 0.509456 0.969867 0.022209 0.014638
0 0.588869 0.985261 0.022209 0.016152
0 0.420957 0.980719 0.021536 0.018171
0 0.372838 0.907783 0.023555 0.016657
0 0.690827 0.931001 0.021536 0.013628
0 0.640353 0.982738 0.022882 0.020190
0 0.569688 0.962043 0.025574 0.020190
0 0.464365 0.951948 0.023555 0.019180
0 0.655831 0.922421 0.026920 0.014638
0 0.534020 0.951696 0.021536 0.013628