0 0.105439 0.170717 0.021721 0.021043
0 0.443479 0.174790 0.020816 0.019685
0 0.207259 0.173093 0.024437 0.020364
0 0.377862 0.174450 0.019911 0.017649
0 0.057471 0.724274 0.023532 0.013576
0 0.170604 0.682867 0.021721 0.013576
0 0.125351 0.789777 0.025342 0.012897
0 0.193683 0.709001 0.028057 0.011540
0 0.109965 0.696783 0.023532 0.014255
0 0.196398 0.891597 0.024437 0.021043
0 0.078288 0.268124 0.025342 0.020364
0 0.497330 0.418816 0.025342 0.019006
0 0.424473 0.418137 0.022626 0.017649
0 0.508191 0.794529 0.030772 0.016970
0 0.712734 0.811159 0.028962 0.016291
0 0.654358 0.804371 0.028057 0.012218
0 0.562947 0.791814 0.024437 0.014255
0 0.534890 0.978822 0.028057 0.014933
0 0.745769 0.986288 0.028057 0.012218
0 0.483302 0.821341 0.033487 0.016291
0 0.246629 0.902457 0.021721 0.022400
0 0.505928 0.860033 0.028057 0.014933
0 0.593719 0.876663 0.028057 0.014255
0 0.319486 0.909585 0.028057 0.024437
0 0.595076 0.825075 0.030772 0.018327
0 0.488279 0.894990 0.032582 0.012897
0 0.529460 0.231469 0.028057 0.021721
0 0.554801 0.161214 0.029867 0.022400
0 0.680152 0.151032 0.028962 0.022400
0 0.499140 0.183953 0.032582 0.024437
0 0.294144 0.173432 0.026247 0.021043
0 0.328084 0.291203 0.021721 0.019006
0 0.512716 0.208390 0.023532 0.023079
0 0.657073 0.180220 0.028057 0.022400
0 0.684677 0.304439 0.027152 0.019685
0 0.592814 0.364513 0.028057 0.019006
0 0.527197 0.296294 0.025342 0.022400
0 0.723142 0.254209 0.028057 0.019685
0 0.706851 0.353652 0.028057 0.019006
0 0.629016 0.306815 0.028057 0.019006
0 0.446194 0.358064 0.029867 0.018327
0 0.468368 0.244705 0.027152 0.019685
0 0.629469 0.252851 0.027152 0.019685
0 0.250249 0.239275 0.027152 0.019685
0 0.264277 0.338040 0.024437 0.020364
0 0.419495 0.275251 0.025342 0.021043
0 0.605032 0.418137 0.027152 0.019006
0 0.537153 0.842723 0.030772 0.015612
0 0.892841 0.179202 0.032582 0.020364
0 0.937189 0.158499 0.032582 0.026473
0 0.901892 0.251833 0.028962 0.021721
0 0.790117 0.321749 0.028057 0.017649
0 0.715902 0.416780 0.022626 0.017649
0 0.796452 0.237239 0.024437 0.023758
0 0.805050 0.164268 0.025342 0.019006
0 0.927686 0.301045 0.026247 0.022400
0 0.852566 0.418816 0.026247 0.019006
0 0.983799 0.170038 0.026247 0.019685
0 0.813196 0.353991 0.023532 0.018327
0 0.076025 0.347543 0.022626 0.017649
0 0.200471 0.242330 0.023532 0.020364
0 0.086886 0.410671 0.026247 0.021721
0 0.379220 0.225699 0.024437 0.022400
0 0.262920 0.399810 0.023532 0.014933
0 0.346185 0.385555 0.021721 0.017649
0 0.177392 0.350937 0.026247 0.017649
0 0.161553 0.382840 0.023532 0.017649
0 0.138022 0.288148 0.025342 0.021043
0 0.232148 0.290185 0.028962 0.022400
0 0.144809 0.210426 0.024437 0.020364
0 0.274685 0.207372 0.027152 0.019685
0 0.392343 0.309191 0.021721 0.016970
0 0.580143 0.200244 0.026247 0.017649
0 0.756177 0.288148 0.027152 0.021043
0 0.724952 0.201602 0.026247 0.021721
0 0.627206 0.218911 0.026247 0.019685
0 0.667934 0.843742 0.029867 0.017649
0 0.590099 0.855960 0.026247 0.016291
0 0.726310 0.837972 0.030772 0.018327
0 0.764323 0.970676 0.030772 0.016291
0 0.673817 0.976446 0.027152 0.011540
0 0.503213 0.922821 0.033487 0.014255
0 0.137569 0.885487 0.031677 0.022400
0 0.047968 0.939112 0.024437 0.022400